127 
11 
-94 
10 
-28 
-15 
99 
1 
89 
81 
-65 
-69 
19 
-50 
75 
-128 
127 
11 
-94 
10 
-28 
-15 
99 
1 
89 
81 
-65 
-69 
19 
-50 
75 
-128 
127 
11 
-94 
10 
-28 
-15 
99 
1 
89 
81 
-65 
-69 
19 
-50 
75 
-128 
127 
11 
-94 
10 
-28 
-15 
99 
1 
89 
81 
-65 
-69 
19 
-50 
75 
-128 
127 
11 
-94 
10 
-28 
-15 
99 
1 
89 
81 
-65 
-69 
19 
-50 
75 
-128 
127 
11 
-94 
10 
-28 
-15 
99 
1 
89 
81 
-65 
-69 
19 
-50 
75 
-128 
127 
11 
-94 
10 
-28 
-15 
99 
1 
89 
81 
-65 
-69 
19 
-50 
75 
-128 
127 
11 
-94 
10 
-28 
-15 
99 
1 
89 
81 
-65 
-69 
19 
-50 
75 
-128 
127 
11 
-94 
10 
-28 
-15 
99 
1 
89 
81 
-65 
-69 
19 
-50 
75 
-128 
127 
11 
-94 
10 
-28 
-15 
99 
1 
89 
81 
-65 
-69 
19 
-50 
75 
-128 
